19930106
19930113
19930120
19930127
19930203
19930210
19930217
19930224
19930303
19930310
19930317
19930324
19930331
19930407
19930414
19930421
19930428
19930505
19930512
19930519
19930526
19930602
19930609
19930616
19930623
19930630
19930707
19930714
19930721
19930728
19930804
19930811
19930818
19930825
19930901
19930908
19930915
19930922
19930929
19931006
19931013
19931020
19931027
19931103
19931110
19931117
19931124
19931201
19931208
19931215
19931222
19931229
19940105
19940112
19940119
19940126
19940202
19940209
19940216
19940223
19940302
19940309
19940316
19940323
19940330
19940406
19940413
19940420
19940427
19940504
19940511
19940518
19940525
19940601
19940608
19940615
19940622
19940629
19940706
19940713
19940720
19940727
19940803
19940810
19940817
19940824
19940831
19940907
19940914
19940921
19940928
19941005
19941012
19941019
19941026
19941102
19941109
19941116
19941123
19941130
19941207
19941214
19941221
19941228
19950104
19950111
19950118
19950125
19950201
19950208
19950215
19950222
19950301
19950308
19950315
19950322
19950329
19950405
19950412
19950419
19950426
19950503
19950510
19950517
19950524
19950531
19950607
19950614
19950621
19950628
19950705
19950712
19950719
19950726
19950802
19950809
19950816
19950823
19950830
19950906
19950913
19950920
19950927
19951004
19951011
19951018
19951025
19951101
19951108
19951115
19951122
19951129
19951206
19951213
19951220
19951227
19960103
19960110
19960117
19960124
19960131
19960207
19960214
19960221
19960228
19960306
19960313
19960320
19960327
19960403
19960410
19960417
19960424
19960501
19960508
19960515
19960522
19960529
19960605
19960612
19960619
19960626
19960703
19960710
19960717
19960724
19960731
19960807
19960814
19960821
19960828
19960904
19960911
19960918
19960925
19961002
19961009
19961016
19961023
19961030
19961106
19961113
19961120
19961127
19961204
19961211
19961218
19961225
19970101
19970108
19970115
19970122
19970129
19970205
19970212
19970219
19970226
19970305
19970312
19970319
19970326
19970402
19970409
19970416
19970423
19970430
19970507
19970514
19970521
19970528
19970604
19970611
19970618
19970625
19970702
19970709
19970716
19970723
19970730
19970806
19970813
19970820
19970827
19970903
19970910
19970917
19970924
19971001
19971008
19971015
19971022
19971029
19971105
19971112
19971119
19971126
19971203
19971210
19971217
19971224
19971231
