199316
1993113
1993120
1993127
199323
1993210
1993217
1993224
199333
1993310
1993317
1993324
1993331
199347
1993414
1993421
1993428
199355
1993512
1993519
1993526
199362
199369
1993616
1993623
1993630
199377
1993714
1993721
1993728
199384
1993811
1993818
1993825
199391
199398
1993915
1993922
1993929
1993106
19931013
19931020
19931027
1993113
19931110
19931117
19931124
1993121
1993128
19931215
19931222
19931229
199415
1994112
1994119
1994126
199422
199429
1994216
1994223
199432
199439
1994316
1994323
1994330
199446
1994413
1994420
1994427
199454
1994511
1994518
1994525
199461
199468
1994615
1994622
1994629
199476
1994713
1994720
1994727
199483
1994810
1994817
1994824
1994831
199497
1994914
1994921
1994928
1994105
19941012
19941019
19941026
1994112
1994119
19941116
19941123
19941130
1994127
19941214
19941221
19941228
199514
1995111
1995118
1995125
199521
199528
1995215
1995222
199531
199538
1995315
1995322
1995329
199545
1995412
1995419
1995426
199553
1995510
1995517
1995524
1995531
199567
1995614
1995621
1995628
199575
1995712
1995719
1995726
199582
199589
1995816
1995823
1995830
199596
1995913
1995920
1995927
1995104
19951011
19951018
19951025
1995111
1995118
19951115
19951122
19951129
1995126
19951213
19951220
19951227
199613
1996110
1996117
1996124
1996131
199627
1996214
1996221
1996228
199636
1996313
1996320
1996327
199643
1996410
1996417
1996424
199651
199658
1996515
1996522
1996529
199665
1996612
1996619
1996626
199673
1996710
1996717
1996724
1996731
199687
1996814
1996821
1996828
199694
1996911
1996918
1996925
1996102
1996109
19961016
19961023
19961030
1996116
19961113
19961120
19961127
1996124
19961211
19961218
19961225
199711
199718
1997115
1997122
1997129
199725
1997212
1997219
1997226
199735
1997312
1997319
1997326
199742
199749
1997416
1997423
1997430
199757
1997514
1997521
1997528
199764
1997611
1997618
1997625
199772
199779
1997716
1997723
1997730
199786
1997813
1997820
1997827
199793
1997910
1997917
1997924
1997101
1997108
19971015
19971022
19971029
1997115
19971112
19971119
19971126
1997123
19971210
19971217
19971224
19971231
