980107
980114
980121
980128
980204
980211
980218
980225
980304
980311
980318
980325
980401
980408
980415
980422
980429
980506
980513
980520
980527
980603
980610
980617
980624
980701
980708
980715
980722
980729
980805
980812
980819
980826
980902
980909
980916
980923
980930
981007
981014
981021
981028
981104
981111
981118
981125
981202
981209
981216
981223
981230
990106
990113
990120
990127
990203
990210
990217
990224
990303
990310
990317
990324
990331
990407
990414
990421
990428
990505
990512
990519
990526
990602
990609
990616
990623
990630
990707
990714
990721
990728
990804
990811
990818
990825
990901
990908
990915
990922
990929
991006
991013
991020
991027
991103
991110
991117
991124
991201
991208
991215
991222
991229
000105
000112
000119
000126
000202
000209
000216
000223
000301
000308
000315
000322
000329
000405
000412
000419
000426
000503
000510
000517
000524
000531
000607
000614
000621
000628
000705
000712
000719
000726
000802
000809
000816
000823
000830
000906
000913
000920
000927
001004
001011
001018
001025
001101
001108
001115
001122
001129
001206
001213
001220
001227
010103
010110
010117
010124
010131
010207
010214
010221
010228
010307
010314
010321
010328
010404
010411
010418
010425
010502
010509
010516
010523
010530
010606
010613
010620
010627
010704
010711
010718
010725
010801
010808
010815
010822
010829
010905
010912
010919
010926
011003
011010
011017
011024
011031
011107
011114
011121
011128
011205
011212
011219
011226
020102
020109
020116
020123
020130
020206
020213
020220
020227
020306
020313
020320
020327
020403
020410
020417
020424
020501
020508
020515
020522
020529
020605
020612
020619
020626
020703
020710
020717
020724
020731
020807
020814
020821
020828
020904
020911
020918
020925
021002
021009
021016
021023
021030
021106
021113
021120
021127
021204
021211
021218
021225
