20130102
20130109
20130116
20130123
20130130
20130206
20130213
20130220
20130227
20130306
20130313
20130320
20130327
20130403
20130410
20130417
20130424
20130501
20130508
20130515
20130522
20130529
20130605
20130612
20130619
20130626
20130703
20130710
20130717
20130724
20130731
20130807
20130814
20130821
20130828
20130904
20130911
20130918
20130925
20131002
20131009
20131016
20131023
20131030
20131106
20131113
20131120
20131127
20131204
20131211
20131218
20131225
20140101
20140108
20140115
20140122
20140129
20140205
20140212
20140219
20140226
20140305
20140312
20140319
20140326
20140402
20140409
20140416
20140423
20140430
20140507
20140514
20140521
20140528
20140604
20140611
20140618
20140625
20140702
20140709
20140716
20140723
20140730
20140806
20140813
20140820
20140827
20140903
20140910
20140917
20140924
20141001
20141008
20141015
20141022
20141029
20141105
20141112
20141119
20141126
20141203
20141210
20141217
20141224
20141231
20150107
20150114
20150121
20150128
20150204
20150211
20150218
20150225
20150304
20150311
20150318
20150325
20150401
20150408
20150415
20150422
20150429
20150506
20150513
20150520
20150527
20150603
20150610
20150617
20150624
20150701
20150708
20150715
20150722
20150729
20150805
20150812
20150819
20150826
20150902
20150909
20150916
20150923
20150930
20151007
20151014
20151021
20151028
20151104
20151111
20151118
20151125
20151202
20151209
20151216
20151223
20151230
20160106
20160113
20160120
20160127
20160203
20160210
20160217
20160224
20160302
20160309
20160316
20160323
20160330
20160406
20160413
20160420
20160427
20160504
20160511
20160518
20160525
20160601
20160608
20160615
20160622
20160629
20160706
20160713
20160720
20160727
20160803
20160810
20160817
20160824
20160831
20160907
20160914
20160921
20160928
20161005
20161012
20161019
20161026
20161102
20161109
20161116
20161123
20161130
20161207
20161214
20161221
20161228
20170104
20170111
20170118
20170125
20170201
20170208
20170215
20170222
20170301
20170308
20170315
20170322
20170329
20170405
20170412
20170419
20170426
20170503
20170510
20170517
20170524
20170531
20170607
20170614
20170621
20170628
20170705
20170712
20170719
20170726
20170802
20170809
20170816
20170823
20170830
20170906
20170913
20170920
20170927
20171004
20171011
20171018
20171025
20171101
20171108
20171115
20171122
20171129
20171206
20171213
20171220
20171227
