030101
030108
030115
030122
030129
030205
030212
030219
030226
030305
030312
030319
030326
030402
030409
030416
030423
030430
030507
030514
030521
030528
030604
030611
030618
030625
030702
030709
030716
030723
030730
030806
030813
030820
030827
030903
030910
030917
030924
031001
031008
031015
031022
031029
031105
031112
031119
031126
031203
031210
031217
031224
031231
040107
040114
040121
040128
040204
040211
040218
040225
040303
040310
040317
040324
040331
040407
040414
040421
040428
040505
040512
040519
040526
040602
040609
040616
040623
040630
040707
040714
040721
040728
040804
040811
040818
040825
040901
040908
040915
040922
040929
041006
041013
041020
041027
041103
041110
041117
041124
041201
041208
041215
041222
041229
050105
050112
050119
050126
050202
050209
050216
050223
050302
050309
050316
050323
050330
050406
050413
050420
050427
050504
050511
050518
050525
050601
050608
050615
050622
050629
050706
050713
050720
050727
050803
050810
050817
050824
050831
050907
050914
050921
050928
051005
051012
051019
051026
051102
051109
051116
051123
051130
051207
051214
051221
051228
060104
060111
060118
060125
060201
060208
060215
060222
060301
060308
060315
060322
060329
060405
060412
060419
060426
060503
060510
060517
060524
060531
060607
060614
060621
060628
060705
060712
060719
060726
060802
060809
060816
060823
060830
060906
060913
060920
060927
061004
061011
061018
061025
061101
061108
061115
061122
061129
061206
061213
061220
061227
070103
070110
070117
070124
070131
070207
070214
070221
070228
070307
070314
070321
070328
070404
070411
070418
070425
070502
070509
070516
070523
070530
070606
070613
070620
070627
070704
070711
070718
070725
070801
070808
070815
070822
070829
070905
070912
070919
070926
071003
071010
071017
071024
071031
071107
071114
071121
071128
071205
071212
071219
071226
