20030101
20030108
20030115
20030122
20030129
20030205
20030212
20030219
20030226
20030305
20030312
20030319
20030326
20030402
20030409
20030416
20030423
20030430
20030507
20030514
20030521
20030528
20030604
20030611
20030618
20030625
20030702
20030709
20030716
20030723
20030730
20030806
20030813
20030820
20030827
20030903
20030910
20030917
20030924
20031001
20031008
20031015
20031022
20031029
20031105
20031112
20031119
20031126
20031203
20031210
20031217
20031224
20031231
20040107
20040114
20040121
20040128
20040204
20040211
20040218
20040225
20040303
20040310
20040317
20040324
20040331
20040407
20040414
20040421
20040428
20040505
20040512
20040519
20040526
20040602
20040609
20040616
20040623
20040630
20040707
20040714
20040721
20040728
20040804
20040811
20040818
20040825
20040901
20040908
20040915
20040922
20040929
20041006
20041013
20041020
20041027
20041103
20041110
20041117
20041124
20041201
20041208
20041215
20041222
20041229
20050105
20050112
20050119
20050126
20050202
20050209
20050216
20050223
20050302
20050309
20050316
20050323
20050330
20050406
20050413
20050420
20050427
20050504
20050511
20050518
20050525
20050601
20050608
20050615
20050622
20050629
20050706
20050713
20050720
20050727
20050803
20050810
20050817
20050824
20050831
20050907
20050914
20050921
20050928
20051005
20051012
20051019
20051026
20051102
20051109
20051116
20051123
20051130
20051207
20051214
20051221
20051228
20060104
20060111
20060118
20060125
20060201
20060208
20060215
20060222
20060301
20060308
20060315
20060322
20060329
20060405
20060412
20060419
20060426
20060503
20060510
20060517
20060524
20060531
20060607
20060614
20060621
20060628
20060705
20060712
20060719
20060726
20060802
20060809
20060816
20060823
20060830
20060906
20060913
20060920
20060927
20061004
20061011
20061018
20061025
20061101
20061108
20061115
20061122
20061129
20061206
20061213
20061220
20061227
20070103
20070110
20070117
20070124
20070131
20070207
20070214
20070221
20070228
20070307
20070314
20070321
20070328
20070404
20070411
20070418
20070425
20070502
20070509
20070516
20070523
20070530
20070606
20070613
20070620
20070627
20070704
20070711
20070718
20070725
20070801
20070808
20070815
20070822
20070829
20070905
20070912
20070919
20070926
20071003
20071010
20071017
20071024
20071031
20071107
20071114
20071121
20071128
20071205
20071212
20071219
20071226
