19980107
19980114
19980121
19980128
19980204
19980211
19980218
19980225
19980304
19980311
19980318
19980325
19980401
19980408
19980415
19980422
19980429
19980506
19980513
19980520
19980527
19980603
19980610
19980617
19980624
19980701
19980708
19980715
19980722
19980729
19980805
19980812
19980819
19980826
19980902
19980909
19980916
19980923
19980930
19981007
19981014
19981021
19981028
19981104
19981111
19981118
19981125
19981202
19981209
19981216
19981223
19981230
19990106
19990113
19990120
19990127
19990203
19990210
19990217
19990224
19990303
19990310
19990317
19990324
19990331
19990407
19990414
19990421
19990428
19990505
19990512
19990519
19990526
19990602
19990609
19990616
19990623
19990630
19990707
19990714
19990721
19990728
19990804
19990811
19990818
19990825
19990901
19990908
19990915
19990922
19990929
19991006
19991013
19991020
19991027
19991103
19991110
19991117
19991124
19991201
19991208
19991215
19991222
19991229
20000105
20000112
20000119
20000126
20000202
20000209
20000216
20000223
20000301
20000308
20000315
20000322
20000329
20000405
20000412
20000419
20000426
20000503
20000510
20000517
20000524
20000531
20000607
20000614
20000621
20000628
20000705
20000712
20000719
20000726
20000802
20000809
20000816
20000823
20000830
20000906
20000913
20000920
20000927
20001004
20001011
20001018
20001025
20001101
20001108
20001115
20001122
20001129
20001206
20001213
20001220
20001227
20010103
20010110
20010117
20010124
20010131
20010207
20010214
20010221
20010228
20010307
20010314
20010321
20010328
20010404
20010411
20010418
20010425
20010502
20010509
20010516
20010523
20010530
20010606
20010613
20010620
20010627
20010704
20010711
20010718
20010725
20010801
20010808
20010815
20010822
20010829
20010905
20010912
20010919
20010926
20011003
20011010
20011017
20011024
20011031
20011107
20011114
20011121
20011128
20011205
20011212
20011219
20011226
20020102
20020109
20020116
20020123
20020130
20020206
20020213
20020220
20020227
20020306
20020313
20020320
20020327
20020403
20020410
20020417
20020424
20020501
20020508
20020515
20020522
20020529
20020605
20020612
20020619
20020626
20020703
20020710
20020717
20020724
20020731
20020807
20020814
20020821
20020828
20020904
20020911
20020918
20020925
20021002
20021009
20021016
20021023
20021030
20021106
20021113
20021120
20021127
20021204
20021211
20021218
20021225
