20080102
20080109
20080116
20080123
20080130
20080206
20080213
20080220
20080227
20080305
20080312
20080319
20080326
20080402
20080409
20080416
20080423
20080430
20080507
20080514
20080521
20080528
20080604
20080611
20080618
20080625
20080702
20080709
20080716
20080723
20080730
20080806
20080813
20080820
20080827
20080903
20080910
20080917
20080924
20081001
20081008
20081015
20081022
20081029
20081105
20081112
20081119
20081126
20081203
20081210
20081217
20081224
20081231
20090107
20090114
20090121
20090128
20090204
20090211
20090218
20090225
20090304
20090311
20090318
20090325
20090401
20090408
20090415
20090422
20090429
20090506
20090513
20090520
20090527
20090603
20090610
20090617
20090624
20090701
20090708
20090715
20090722
20090729
20090805
20090812
20090819
20090826
20090902
20090909
20090916
20090923
20090930
20091007
20091014
20091021
20091028
20091104
20091111
20091118
20091125
20091202
20091209
20091216
20091223
20091230
20100106
20100113
20100120
20100127
20100203
20100210
20100217
20100224
20100303
20100310
20100317
20100324
20100331
20100407
20100414
20100421
20100428
20100505
20100512
20100519
20100526
20100602
20100609
20100616
20100623
20100630
20100707
20100714
20100721
20100728
20100804
20100811
20100818
20100825
20100901
20100908
20100915
20100922
20100929
20101006
20101013
20101020
20101027
20101103
20101110
20101117
20101124
20101201
20101208
20101215
20101222
20101229
20110105
20110112
20110119
20110126
20110202
20110209
20110216
20110223
20110302
20110309
20110316
20110323
20110330
20110406
20110413
20110420
20110427
20110504
20110511
20110518
20110525
20110601
20110608
20110615
20110622
20110629
20110706
20110713
20110720
20110727
20110803
20110810
20110817
20110824
20110831
20110907
20110914
20110921
20110928
20111005
20111012
20111019
20111026
20111102
20111109
20111116
20111123
20111130
20111207
20111214
20111221
20111228
20120104
20120111
20120118
20120125
20120201
20120208
20120215
20120222
20120229
20120307
20120314
20120321
20120328
20120404
20120411
20120418
20120425
20120502
20120509
20120516
20120523
20120530
20120606
20120613
20120620
20120627
20120704
20120711
20120718
20120725
20120801
20120808
20120815
20120822
20120829
20120905
20120912
20120919
20120926
20121003
20121010
20121017
20121024
20121031
20121107
20121114
20121121
20121128
20121205
20121212
20121219
20121226
