130102
130109
130116
130123
130130
130206
130213
130220
130227
130306
130313
130320
130327
130403
130410
130417
130424
130501
130508
130515
130522
130529
130605
130612
130619
130626
130703
130710
130717
130724
130731
130807
130814
130821
130828
130904
130911
130918
130925
131002
131009
131016
131023
131030
131106
131113
131120
131127
131204
131211
131218
131225
140101
140108
140115
140122
140129
140205
140212
140219
140226
140305
140312
140319
140326
140402
140409
140416
140423
140430
140507
140514
140521
140528
140604
140611
140618
140625
140702
140709
140716
140723
140730
140806
140813
140820
140827
140903
140910
140917
140924
141001
141008
141015
141022
141029
141105
141112
141119
141126
141203
141210
141217
141224
141231
150107
150114
150121
150128
150204
150211
150218
150225
150304
150311
150318
150325
150401
150408
150415
150422
150429
150506
150513
150520
150527
150603
150610
150617
150624
150701
150708
150715
150722
150729
150805
150812
150819
150826
150902
150909
150916
150923
150930
151007
151014
151021
151028
151104
151111
151118
151125
151202
151209
151216
151223
151230
160106
160113
160120
160127
160203
160210
160217
160224
160302
160309
160316
160323
160330
160406
160413
160420
160427
160504
160511
160518
160525
160601
160608
160615
160622
160629
160706
160713
160720
160727
160803
160810
160817
160824
160831
160907
160914
160921
160928
161005
161012
161019
161026
161102
161109
161116
161123
161130
161207
161214
161221
161228
170104
170111
170118
170125
170201
170208
170215
170222
170301
170308
170315
170322
170329
170405
170412
170419
170426
170503
170510
170517
170524
170531
170607
170614
170621
170628
170705
170712
170719
170726
170802
170809
170816
170823
170830
170906
170913
170920
170927
171004
171011
171018
171025
171101
171108
171115
171122
171129
171206
171213
171220
171227
