080102
080109
080116
080123
080130
080206
080213
080220
080227
080305
080312
080319
080326
080402
080409
080416
080423
080430
080507
080514
080521
080528
080604
080611
080618
080625
080702
080709
080716
080723
080730
080806
080813
080820
080827
080903
080910
080917
080924
081001
081008
081015
081022
081029
081105
081112
081119
081126
081203
081210
081217
081224
081231
090107
090114
090121
090128
090204
090211
090218
090225
090304
090311
090318
090325
090401
090408
090415
090422
090429
090506
090513
090520
090527
090603
090610
090617
090624
090701
090708
090715
090722
090729
090805
090812
090819
090826
090902
090909
090916
090923
090930
091007
091014
091021
091028
091104
091111
091118
091125
091202
091209
091216
091223
091230
100106
100113
100120
100127
100203
100210
100217
100224
100303
100310
100317
100324
100331
100407
100414
100421
100428
100505
100512
100519
100526
100602
100609
100616
100623
100630
100707
100714
100721
100728
100804
100811
100818
100825
100901
100908
100915
100922
100929
101006
101013
101020
101027
101103
101110
101117
101124
101201
101208
101215
101222
101229
110105
110112
110119
110126
110202
110209
110216
110223
110302
110309
110316
110323
110330
110406
110413
110420
110427
110504
110511
110518
110525
110601
110608
110615
110622
110629
110706
110713
110720
110727
110803
110810
110817
110824
110831
110907
110914
110921
110928
111005
111012
111019
111026
111102
111109
111116
111123
111130
111207
111214
111221
111228
120104
120111
120118
120125
120201
120208
120215
120222
120229
120307
120314
120321
120328
120404
120411
120418
120425
120502
120509
120516
120523
120530
120606
120613
120620
120627
120704
120711
120718
120725
120801
120808
120815
120822
120829
120905
120912
120919
120926
121003
121010
121017
121024
121031
121107
121114
121121
121128
121205
121212
121219
121226
