930106
930113
930120
930127
930203
930210
930217
930224
930303
930310
930317
930324
930331
930407
930414
930421
930428
930505
930512
930519
930526
930602
930609
930616
930623
930630
930707
930714
930721
930728
930804
930811
930818
930825
930901
930908
930915
930922
930929
931006
931013
931020
931027
931103
931110
931117
931124
931201
931208
931215
931222
931229
940105
940112
940119
940126
940202
940209
940216
940223
940302
940309
940316
940323
940330
940406
940413
940420
940427
940504
940511
940518
940525
940601
940608
940615
940622
940629
940706
940713
940720
940727
940803
940810
940817
940824
940831
940907
940914
940921
940928
941005
941012
941019
941026
941102
941109
941116
941123
941130
941207
941214
941221
941228
950104
950111
950118
950125
950201
950208
950215
950222
950301
950308
950315
950322
950329
950405
950412
950419
950426
950503
950510
950517
950524
950531
950607
950614
950621
950628
950705
950712
950719
950726
950802
950809
950816
950823
950830
950906
950913
950920
950927
951004
951011
951018
951025
951101
951108
951115
951122
951129
951206
951213
951220
951227
960103
960110
960117
960124
960131
960207
960214
960221
960228
960306
960313
960320
960327
960403
960410
960417
960424
960501
960508
960515
960522
960529
960605
960612
960619
960626
960703
960710
960717
960724
960731
960807
960814
960821
960828
960904
960911
960918
960925
961002
961009
961016
961023
961030
961106
961113
961120
961127
961204
961211
961218
961225
970101
970108
970115
970122
970129
970205
970212
970219
970226
970305
970312
970319
970326
970402
970409
970416
970423
970430
970507
970514
970521
970528
970604
970611
970618
970625
970702
970709
970716
970723
970730
970806
970813
970820
970827
970903
970910
970917
970924
971001
971008
971015
971022
971029
971105
971112
971119
971126
971203
971210
971217
971224
971231
